3.833342359529068233e+01 9.105422733903904486e+01
5.510135031177796350e+01 2.610972404668831004e+01
2.630206497292730816e+00 6.358711972922094446e+01
9.446682071031561634e+01 8.994328157438935989e+00
3.509540195994193112e+01 6.594642169243327601e+01
2.807116162355189815e+01 3.866419935955185139e+01
7.938182170744531163e+01 3.207842934675419144e+01
4.798293882756111373e+01 3.140684353478464530e+01
9.757242143358662645e+01 1.300213907413781911e+01
4.905373391331564648e+01 6.149342081592504883e+01
9.752375403872393633e+01 3.938497809345930989e+01
9.628234954323600903e+01 3.323657251975432558e+01
5.801395627774395081e+01 9.700272717149151447e+01
3.297652037688912685e+01 6.543590180873117390e+01
9.795927259676221865e+01 3.866817724491065889e+01
9.203739999894976620e+01 1.933586387392538519e+00
5.744815741404858045e+01 9.096362590297289330e+01
9.739946218602916872e+01 8.695505794381406872e+01
5.367679044920288334e+01 6.909281429453234580e+01
5.156856672223381111e+01 6.717018562535263015e+01
