1.484555787933873283e+01 3.395963997249417332e+01
8.289429444256276724e+01 2.716546276504838886e+01
1.224933444800796423e+01 1.865790680999525009e+01
6.544978337427200188e+01 1.078396642911504344e+01
3.249360075088398503e+01 8.848641257678302452e+00
8.198243759330127034e+01 7.734529424342726145e+01
1.766998282576238566e+01 9.224525292470346471e+01
3.535321689131827583e+01 7.236692713511878594e+01
4.498523115339736478e+01 7.133381413797950188e+01
3.164644119201604866e+01 8.307908830778883669e+01
2.015425324138491092e+01 3.821224721741766217e+01
5.475423628052651281e+01 2.256780485988901930e+01
7.114684134466359922e+01 3.433740485990441726e+01
2.591403038284232352e+01 8.713083090855209889e+01
6.063597446877988517e+01 6.794215454517107844e+01
6.499089740944127414e+01 5.445744949857031258e+01
4.131277737632369451e+01 1.276994273710347905e+01
9.904875222939804758e+01 3.927912392407679931e+01
1.302200158519628559e+00 5.292788117037312645e+01
7.977866694297027550e+01 6.964396333228476976e+01
4.756874922901280911e+01 5.117655237370045995e+01
2.120897759718629771e+01 9.075437136358942780e+00
8.961657756450281909e+01 4.805948071767598151e+01
3.356012374590208225e+01 6.992787621456925251e+01
6.961963641789081692e+01 8.737560324182602756e+00
8.708183006165127082e+00 6.267543304441333163e+01
3.006801898037029375e+01 6.727908113804616619e+01
7.866738755361467383e+01 7.890848689635873825e+01
4.230326640699868790e+01 8.130914496867845287e+01
1.214314087984145196e+01 3.476210175560091642e+01
8.443684466588120330e+00 4.865329790962830003e+01
1.148877137830688255e+01 3.523867598133501033e-01
6.226096544762697960e+01 4.418457245907659114e+01
7.963691188498314943e+01 2.159539080016810075e+01
1.476994209388324819e+01 7.510728949152317568e+01
8.228874088683190280e+01 6.865964469704348971e+01
5.448328381293337941e+01 4.885790317469918875e+01
6.907730513556255403e+01 5.605396835287812962e+00
5.164583656538708567e+01 6.788549164328098584e+01
6.802958933027358057e+01 6.786294761918487950e+01
5.107294135929690526e+01 9.024155834207911653e+01
5.910123770855069125e+01 3.036380352638508029e+01
1.584649396085602291e-01 5.249975952616944141e+01
3.280909283819021027e+01 3.367648151248433663e+01
3.022338538326123825e+01 1.791104022307177246e+00
4.507320450950230395e+01 1.231038083353906920e+01
2.161985937784628575e+01 2.143108173554409035e+01
6.922863793091821094e+01 9.939068445588553402e+01
6.787341359080943448e+01 7.418415205524983946e+01
9.714768814482432902e+01 7.321534159147918785e+01
4.993823474304657140e+01 1.487001287807600036e+01
2.749922273882465618e+01 1.326070695730088289e+01
4.971860741019463603e+01 6.188890955397224047e+01
2.210340749565407137e+01 8.673963216983571556e+01
3.281194882549476333e+00 7.554067132835746179e+01
6.466357031535869737e+01 8.755754484062376264e+01
9.641498864286494097e+01 2.015585607561320813e+01
8.977739294751962973e+01 9.937895663739399765e+01
4.185623635443875656e+01 1.355321055834132160e+01
7.603867601385124431e+01 6.290358188313764742e+01
9.627133227864007381e+01 3.331711575373563505e+01
6.753003092896959458e+01 9.092185668358609973e+01
7.634838419801080533e+01 2.421945632207476251e+01
2.398763886482196028e+01 1.396631843743922907e+01
1.796449754201108107e+01 5.771243086263601185e+01
7.216036830266030222e+01 6.325461455143152989e+01
1.260980361230457092e+01 6.020716264296525111e+01
3.929265069499577123e+01 5.303521947531420722e+01
2.871731696513163357e+01 7.104822252083395995e+01
7.419875612684943178e+01 8.661251479874385950e+01
5.396968226662006884e+01 9.324239940223753820e+01
3.583981602576172065e+01 3.592470466136477025e+00
7.808726233577144171e+01 5.548362842545648732e+01
3.057676336905878856e+01 2.006564178293658429e+01
7.332879430942156773e+01 4.477961087945190144e+01
6.497519817843732426e+01 2.304649450654819987e+01
6.907096549535187080e+01 7.969178915910195826e+01
2.231311997723737051e+01 7.758817759019659377e+01
9.683227038843841683e+01 4.437564973464753848e+01
9.590866482844066354e+01 6.624698437741557200e+01
3.321718263217260159e+01 9.600179047472279592e+01
8.675593828188856094e+01 3.653427190820802650e+01
4.557079630557261396e+01 2.272132722880555633e+01
5.566876654810241121e+01 7.936857111083448046e+01
3.563140210232695893e+00 4.996445753207975571e+01
7.976731791538004757e+01 9.178717292581104914e+01
2.128699511636246200e+01 5.088320007239035192e+01
7.874765477440496397e+01 9.750780292490000534e+01
5.290915931675416317e+01 3.463867644924544464e+01
1.075929104539079617e+01 7.684290235618436782e+01
7.715736645160673390e+01 8.013837228191927409e+01
2.651988928739523743e-01 5.489920125038566567e+01
2.316424985331347841e+01 7.561332164381843768e+01
6.484811506233559442e+01 4.564526799452427497e+01
5.549344132992857226e+01 3.390954947942461928e+01
9.027361104301510863e+01 9.866019876887489204e+01
7.098333473668911608e+01 9.887084397035935979e+01
2.149615676042619938e+01 4.529133618675468398e+01
2.896961661094016449e+01 2.298928367099313164e+01
8.875849287794218867e+01 4.720654562707093937e-01
