3.575497193123260331e+01 8.900585939019239845e+01
3.772566493542301913e+01 9.433802128362471251e+01
1.819541316477943838e+01 6.761402814049350241e+01
4.142313416659634129e+01 5.104695744261345425e+00
5.903518605213618287e+01 2.348954396080588225e+01
9.345264210084521039e+01 1.930849709553622517e+01
2.073481845295941284e+01 1.257872973553850748e+01
4.983581964359040484e+01 2.383643796640154733e+01
6.983414181662193698e+01 4.271332971287811375e+01
9.904341747825704090e+01 7.017643754136609857e+01
5.902670855258268290e+01 5.437868009880586939e+00
1.249048837349273633e+01 2.056902811304580680e+01
2.999213663763622417e+00 6.912841458991061927e+01
9.292331782888831526e+01 3.869812255348886509e+01
5.396180252874903971e+01 4.713568058585958198e+01
6.960165095893101750e+01 3.530168629514458445e+01
1.468383243006715588e+01 5.990590322819884506e+01
1.733127578949646974e+01 4.450856471932729264e+00
3.597744458608836737e+01 5.448718782001322580e+01
7.598815941581642619e+01 2.641617917968974716e+00
8.436095387787776190e+01 9.820878656506563686e+01
6.529310752629823966e+00 2.069129046521104343e+01
6.970057300806686840e+00 1.778244524888501488e+01
9.935863631023866560e+01 9.951587196614443087e+01
8.196749536857041107e+01 5.040995298709645311e+01
5.877648039063237206e+01 4.200860828761867793e+01
4.413506282181190343e+00 8.357537259496403692e+01
6.809747564018586274e+01 5.776994390480164299e+01
2.953351296152925087e+01 6.294433253764086800e+01
9.747408859620504984e+01 9.810583135889228146e+00
6.977542016432619221e+01 8.104569879039772218e+01
9.704859605246653587e+01 9.272701483920951659e+01
5.727642652977801419e+01 3.595223892837297086e+01
2.521535318646282064e+01 3.003041449002439123e+01
7.514678452307950351e+01 5.608158602209277888e+01
2.504654674663527913e+01 2.367118463059086864e+01
7.164594605042678666e+01 5.584173472830327256e+01
3.805770548634054506e+01 6.766864682272392884e+01
9.526132525975799581e+01 1.575713764214293811e+01
8.849290640513204664e+01 7.929508347750295627e+01
6.584057781147998867e+01 3.756827481235050925e+01
3.413336732336219370e+01 6.310684001830367862e+01
8.092051840713106969e+01 2.601135673124009884e+01
8.252100765996553378e+01 6.952990989295648205e+01
7.555313886820869129e+01 8.204229396839889432e+01
4.900760564325290503e+00 8.830584745488428666e+01
7.648414273464861424e+01 4.152806103222319223e+01
2.987010950374472529e+01 2.241281242862415013e+01
8.695102622524854041e+01 9.706096260488406458e+00
2.464276690059310582e+01 8.029539483380622755e+01
7.820653013995674030e+01 7.214982111153567246e+00
7.743069403074209767e+00 5.150885749335526498e+01
5.744706898535560669e+01 8.348251038686065328e+01
2.151310850106010619e+01 7.466872599027266233e+01
1.570508370069165771e+01 5.456225581524865476e+00
6.450329473692353588e+01 5.316702601345718904e+01
3.338028015335210341e+01 5.036815202439578343e+01
3.592824625821211537e+00 6.086084161261175041e+01
9.561224277062468957e+01 5.274052436541304445e+01
7.675047819055524911e+00 2.995366850793521607e+01
8.099837754310314608e+01 7.144174384603663164e+00
9.076343496783785270e+01 4.602065406589044017e+01
7.316583897517617174e+01 6.154523685532056021e+01
9.837260087335873493e+01 1.959822080023115731e+01
7.061423435100876134e+01 5.957878737265691882e+01
7.159204250892547350e+01 3.984469278645821078e+01
1.835391721039269086e+01 7.713593584478175558e+01
9.272017964660928158e+01 6.415561700193484285e+01
2.131328702982415635e+01 8.696298517920342874e+01
2.687096372297634872e+01 9.694493903268015345e+01
6.746780403888067212e+01 9.258750515321368368e+01
9.355504292237483810e+01 5.037103485573341288e+01
7.969036176004918559e+01 8.918376899952403392e+01
6.718677818569406668e+01 2.533636263564518032e+01
4.912995761385974447e+01 1.297399630936256720e+01
6.672529173673780178e+00 7.071895432319969643e+01
1.947119649400723773e+01 8.717591123225003003e+01
3.732050679970145524e+01 6.977179644196228026e+01
1.116823149184156350e+01 9.823949058822033464e+01
7.318427956052543948e+01 8.632987966986727102e+00
8.532265693597877032e+01 4.181835447439560483e+01
3.814577752943145583e+01 9.329960328939908720e+01
8.754073773722447882e+00 8.576242715015970930e+01
7.994022161708947749e+01 3.371141382974622758e+01
9.929594639679658030e+01 7.014994712996458048e+00
9.231897913165074954e+01 5.915302688159192002e+01
4.381639734325417379e+01 6.899452242398879775e+01
7.681700766000571434e+01 3.157885736910348484e+01
5.575393711254142914e+01 1.557322428481772114e+01
6.528071855807090174e+01 7.046911082677665661e+01
8.025332545302903497e+01 6.152631650837865607e+01
9.368315019462680482e+01 2.608711238794829512e+01
8.022858369585361515e+01 6.797096350020206046e+01
4.905088037438639503e+01 7.392508178223405935e+01
7.707064418478856282e+01 2.851259175291981407e+01
7.362763773738376472e+01 8.374722762504056561e+01
3.853051380707528040e+01 2.473334883413668095e+01
5.780840728292946373e+00 3.619458080574873549e+01
3.948802800464083163e+01 8.095836499801725950e+01
8.356810275674962440e+01 1.771233862736317732e+01
