1.277010005167885609e+01 4.343800886652667970e+01
1.791616655990313500e+00 9.897519380207327799e+01
4.650616631014781177e+00 2.123955484297267304e+01
9.000382932191647001e+01 3.566130244179255282e+00
3.038376304584659948e+01 8.465887290823799560e+01
7.243731837404082796e+01 6.760964322732185394e+01
3.079145823999656173e+01 5.165192666427786605e+01
8.666974968001160562e+01 8.541448235096467556e+01
2.698086094567638682e+01 3.573625805766006636e+01
9.859883092684249561e+01 1.348257146577199705e+01
6.036247262088068055e+00 6.042062034494674094e+01
6.370528543990885595e+01 2.023502174662222686e+01
1.035748373942706380e+01 4.702550225782387372e+01
5.809175712450297624e+01 1.278684537661055565e+01
8.639439276305023441e+01 6.343145527979183385e+01
3.912542080988649218e+01 6.207762448360486474e+01
6.994638930343703009e+01 3.917096379166788012e+01
6.148726367411674687e+01 9.616009042552843766e+01
9.252894380080817882e+01 7.503479050235716841e+01
4.153276059969790879e+00 9.838567126400901941e+01
