1.216549711999974548e+01 3.026100944364028678e+01
9.157542679419708520e+01 3.734811592796283275e+00
9.953151631246338127e+01 1.811779381096519970e+01
9.759094121265312083e+01 5.010242743748105632e+00
5.115689803976359684e+01 2.069917152222028278e+01
4.034859518609101769e+01 1.153165820031689748e+01
1.497289405533287443e+01 2.418706818438254302e+00
1.773368921520538422e+01 2.177818629740593082e+01
5.543419989572623052e+01 5.918262100194083786e+01
8.742925137515061351e+01 3.894906529111526083e+01
5.932220798343291079e+00 3.809067989271490973e+01
7.379320377245923268e+00 2.399142279447795545e+01
8.909714180064848676e+01 7.875447877353882120e+01
2.769063356691746591e+01 6.206161093569737375e+01
6.561093532190486144e+01 3.731880436938556045e+01
1.203935819147062780e+01 3.669442582697467259e+01
9.521391263658784965e+01 7.570804543976400680e+01
6.358259844347505663e+01 6.647421364823404133e+01
6.303682055084544089e+01 9.786949782611780790e+01
4.385902411798250000e+01 3.142920561439878213e+01
2.346358917578715975e+01 1.887965036649544714e+01
5.364463578688285850e+01 2.400311875531839689e+01
4.016526661024344413e+00 9.495151910455093969e+01
7.818743905772460323e+01 2.545334540799444412e+01
2.248189309344155262e+01 4.938668525286581712e+01
5.507264817405297208e+01 6.459301764193085660e+01
8.456019403359469777e+01 7.226775065982280921e+01
2.082932250651858830e+00 8.813822197377709244e+01
1.273835132345794108e+01 5.220231411363796070e+01
6.372881717900249754e+01 2.248374541032204377e+01
6.412351891083176270e+01 4.245902114299635599e+01
8.095996226419231334e+01 3.851607155673600857e+01
2.926377090939156034e+01 1.362362371854641818e+00
1.146151265856878432e+01 2.354118894881006696e+01
4.241999307099653294e+01 6.827822686634070237e+01
3.469657769391367452e+01 2.898086874422603998e+01
7.306250328652004100e+01 2.913990136366643213e+01
7.237877509766978790e+01 8.782443278616752025e+01
2.403962545171479803e+01 9.941245090414383867e+01
2.517263037606420895e+00 2.033343838967788386e+01
3.303090980502256002e+01 2.742812178378749621e+01
7.486324008805159735e+01 8.852817881258192756e+01
7.383626955807645231e+01 1.556936609849893749e+01
1.199154690599570827e+01 8.832807603713513345e+01
3.732028742335380400e+01 2.088727574769457718e+01
5.348791818407495668e+01 6.824760469920639139e+01
4.673548619894805967e+01 7.110824099135948018e+01
4.431658930117061601e+01 4.383242822479540735e+01
1.858146432302172357e+01 1.604601650196481089e+01
2.563314152673184054e+01 3.246205471258588915e+01
