5.555258676019223429e+01 6.185771686473412245e+01
8.417838246084096454e+01 6.162057259444194557e+01
7.137467026850578122e+01 7.966352974436368584e+01
5.212261197238168364e+01 2.769717223629116631e+01
2.619185918659588808e+01 3.577835551621292609e+01
7.221991906616221968e+01 1.679690008922274558e+01
6.629636069978704427e+01 2.459347179414225337e+01
2.633598901244263857e+01 9.548791324543634573e+01
4.525808428480652879e+01 1.708521855775755327e+01
3.087772645191629906e+01 7.520095800024243715e+01
4.593109724708502029e+01 2.081052479200278071e+01
8.080883085852511272e+01 5.063671426254451546e+01
6.530801406775646001e+01 7.662289478203807391e+01
4.776928144450698355e+00 1.368720788993704751e+01
8.322981460833459266e+01 7.166902834178220871e+01
4.770930873963516916e+01 6.123762305963856534e+01
9.213697650777987747e+01 9.430477337787570491e+01
5.375163448808670807e+01 5.879126578420345339e+01
1.502919190221618706e+01 9.616147887184072829e+01
8.076442326349025791e+01 7.845860456426922269e+01
7.822765245277390989e+01 5.365320041386735284e+01
1.200943866068120514e+01 5.928532145774378925e+00
2.223079011500528335e+00 9.026635874237328494e+01
6.394351709618725010e+01 5.950573247919543718e+01
1.740933195349476748e+01 7.737192645177137784e+00
5.156745444824678515e+01 9.494172310599402920e+00
4.086358518031097731e+01 7.659790027492911690e+01
4.612731965944385593e+01 1.881300058638073480e+01
4.027880359713770986e+01 2.012309109929294593e+01
2.640529845194552649e+01 6.254138293392723824e+01
8.104018713356173009e+01 8.609233853008215931e+01
2.143618621567248184e+01 7.340713035930305352e+01
3.615968485480863848e+01 8.325189800143718344e+00
3.747780756458320184e+01 5.292315015160643554e+01
4.305055147555704309e+01 5.012571811556804846e+01
4.238595793472357087e+01 9.949435628118347097e+01
8.129455227236431369e+01 9.050395931036298691e+01
1.205215943378030730e+01 8.069439390454063243e+01
3.400267902588907276e+01 4.439053405996957480e+01
8.415995511988604960e+00 9.581808025300711051e+01
4.266933402435718392e+01 2.558958689323331726e+01
4.560304258335294492e+01 9.267061111195707213e+01
8.391723584528820368e+01 1.374048131854118715e+01
5.396420637515969787e+01 5.050553669160262871e+01
9.398244533832075831e+01 2.429108780233938347e+01
4.934743552876285122e+01 6.809123296600063213e+01
2.794459767791932592e+01 7.672474104312061627e+01
1.495769348040387747e+00 6.045045377728234115e+01
8.229771730792198525e+01 5.923630651649320811e+01
8.603243289585053333e+01 5.078441794279410004e+01
